t -189.7580 128.9182 0.0 0.0 0.0          -086.6812 127.6008 0.0 0.0 0.0        -189.8442 -078.0741 0.0 0.0 0.0    
t  -189.8442 -078.0741 0.0 0.0 0.0        -086.6812 127.6008 0.0 0.0 0.0        -076.2348 085.4688 0.0 0.0 0.0    
t   084.1744 118.4175 0.0 0.0 0.0         152.2061 119.5446 0.0 0.0 0.0         168.0569 110.3458 0.0 0.0 0.0    
t   083.8077 090.4232 0.0 0.0 0.0          084.1744 118.4175 0.0 0.0 0.0         168.0569 110.3458 0.0 0.0 0.0    
t  083.8077 090.4232 0.0 0.0 0.0      168.0569 110.3458 0.0 0.0 0.0      180.9155 099.6906 0.0 0.0 0.0    
t  083.8077 090.4232 0.0 0.0 0.0      180.9155 099.6906 0.0 0.0 0.0      237.7996 091.4550 0.0 0.0 0.0    
t  083.8077 090.4232 0.0 0.0 0.0      237.7996 091.4550 0.0 0.0 0.0      139.7381 085.7085 0.0 0.0 0.0    
t  139.7381 085.7085 0.0 0.0 0.0      237.7996 091.4550 0.0 0.0 0.0      163.3901 059.4069 0.0 0.0 0.0    
t  163.3901 059.4069 0.0 0.0 0.0      237.7996 091.4550 0.0 0.0 0.0      236.0576 -041.5186 0.0 0.0 0.0    
t  -189.8442 -078.0741 0.0 0.0 0.0      -076.2348 085.4688 0.0 0.0 0.0      -079.7314 047.5179 0.0 0.0 0.0    
t  -079.7314 047.5179 0.0 0.0 0.0      -076.2348 085.4688 0.0 0.0 0.0      -026.3774 077.1358 0.0 0.0 0.0    
t  -079.7314 047.5179 0.0 0.0 0.0      -026.3774 077.1358 0.0 0.0 0.0      003.9754 065.3057 0.0 0.0 0.0    
t  -079.7314 047.5179 0.0 0.0 0.0      003.9754 065.3057 0.0 0.0 0.0      008.8106 051.8820 0.0 0.0 0.0    
t  154.8032 014.5181 0.0 0.0 0.0      163.3901 059.4069 0.0 0.0 0.0      236.0576 -041.5186 0.0 0.0 0.0    
t  087.3349 054.3791 0.0 0.0 0.0      119.3513 055.9699 0.0 0.0 0.0      118.8142 014.9781 0.0 0.0 0.0    
t  087.5488 -005.6217 0.0 0.0 0.0      087.3349 054.3791 0.0 0.0 0.0      118.8142 014.9781 0.0 0.0 0.0    
t  -079.7314 047.5179 0.0 0.0 0.0      008.8106 051.8820 0.0 0.0 0.0      -031.8576 038.4039 0.0 0.0 0.0    
t  -031.8576 038.4039 0.0 0.0 0.0      008.8106 051.8820 0.0 0.0 0.0      006.8121 017.7173 0.0 0.0 0.0    
t  -189.8442 -078.0741 0.0 0.0 0.0      -079.7314 047.5179 0.0 0.0 0.0      -108.3838 -002.5819 0.0 0.0 0.0    
t  -108.3838 -002.5819 0.0 0.0 0.0      -079.7314 047.5179 0.0 0.0 0.0      -093.2387 009.1894 0.0 0.0 0.0    
t  -028.1666 014.8567 0.0 0.0 0.0      -031.8576 038.4039 0.0 0.0 0.0      006.8121 017.7173 0.0 0.0 0.0    
t  087.5488 -005.6217 0.0 0.0 0.0      118.8142 014.9781 0.0 0.0 0.0      154.8032 014.5181 0.0 0.0 0.0    
t  087.5488 -005.6217 0.0 0.0 0.0      154.8032 014.5181 0.0 0.0 0.0      131.4697 -011.1828 0.0 0.0 0.0    
t  131.4697 -011.1828 0.0 0.0 0.0      154.8032 014.5181 0.0 0.0 0.0      236.0576 -041.5186 0.0 0.0 0.0    
t  -189.8442 -078.0741 0.0 0.0 0.0      -108.3838 -002.5819 0.0 0.0 0.0      -108.7183 -028.1126 0.0 0.0 0.0    
t  126.9602 -050.1240 0.0 0.0 0.0      131.4697 -011.1828 0.0 0.0 0.0      182.1396 -035.8296 0.0 0.0 0.0    
t  182.1396 -035.8296 0.0 0.0 0.0      131.4697 -011.1828 0.0 0.0 0.0      236.0576 -041.5186 0.0 0.0 0.0    
t  003.6233 -012.5489 0.0 0.0 0.0      050.4949 -012.1511 0.0 0.0 0.0      070.3382 -023.9020 0.0 0.0 0.0    
t  003.1191 -051.0421 0.0 0.0 0.0      003.6233 -012.5489 0.0 0.0 0.0      070.3382 -023.9020 0.0 0.0 0.0    
t   003.1191 -051.0421 0.0 0.0 0.0      070.3382 -023.9020 0.0 0.0 0.0      088.7285 -073.6379 0.0 0.0 0.0    
t  -091.8283 -036.3281 0.0 0.0 0.0      -044.6725 -023.9312 0.0 0.0 0.0      -032.1481 -060.0901 0.0 0.0 0.0    
t  -189.8442 -078.0741 0.0 0.0 0.0      -108.7183 -028.1126 0.0 0.0 0.0      -091.8283 -036.3281 0.0 0.0 0.0    
t  126.9602 -050.1240 0.0 0.0 0.0      182.1396 -035.8296 0.0 0.0 0.0      166.9609 -049.6352 0.0 0.0 0.0    
t  194.0705 -040.9819 0.0 0.0 0.0      182.1396 -035.8296 0.0 0.0 0.0      236.0576 -041.5186 0.0 0.0 0.0    
t  -189.8442 -078.0741 0.0 0.0 0.0       -091.8283 -036.3281 0.0 0.0 0.0      -032.1481 -060.0901 0.0 0.0 0.0    
t  126.9602 -050.1240 0.0 0.0 0.0      166.9609 -049.6352 0.0 0.0 0.0      166.3846 -093.6264 0.0 0.0 0.0    
t  121.7851 -065.5582 0.0 0.0 0.0      126.9602 -050.1240 0.0 0.0 0.0      166.3846 -093.6264 0.0 0.0 0.0    
t  038.8283 -069.4918 0.0 0.0 0.0      003.1191 -051.0421 0.0 0.0 0.0      088.7285 -073.6379 0.0 0.0 0.0    
t  -189.8442 -078.0741 0.0 0.0 0.0      -032.1481 -060.0901 0.0 0.0 0.0      -073.4329 -070.5622 0.0 0.0 0.0    
t  088.7285 -073.6379 0.0 0.0 0.0      121.7851 -065.5582 0.0 0.0 0.0      166.3846 -093.6264 0.0 0.0 0.0    
t  037.5559 -169.9776 0.0 0.0 0.0      038.8283 -069.4918 0.0 0.0 0.0      088.7285 -073.6379 0.0 0.0 0.0    
t  -189.8442 -078.0741 0.0 0.0 0.0      -073.4329 -070.5622 0.0 0.0 0.0      -114.8672 -079.0323 0.0 0.0 0.0    
t  -114.8672 -079.0323 0.0 0.0 0.0      -073.4329 -070.5622 0.0 0.0 0.0      -076.4369 -104.5227 0.0 0.0 0.0    
t  037.5559 -169.9776 0.0 0.0 0.0      088.7285 -073.6379 0.0 0.0 0.0      109.0748 -117.8932 0.0 0.0 0.0    
t  109.0748 -117.8932 0.0 0.0 0.0      088.7285 -073.6379 0.0 0.0 0.0      166.3846 -093.6264 0.0 0.0 0.0    
t  -120.4291 -121.9633 0.0 0.0 0.0      -114.8672 -079.0323 0.0 0.0 0.0      -076.4369 -104.5227 0.0 0.0 0.0    
t  109.0748 -117.8932 0.0 0.0 0.0      166.3846 -093.6264 0.0 0.0 0.0      149.1410 -112.4055 0.0 0.0 0.0    
t  -120.4291 -121.9633 0.0 0.0 0.0      -076.4369 -104.5227 0.0 0.0 0.0      -020.6500 -105.2356 0.0 0.0 0.0    
t  -120.4291 -121.9633 0.0 0.0 0.0      -020.6500 -105.2356 0.0 0.0 0.0      -021.3842 -169.2243 0.0 0.0 0.0    
t  037.5559 -169.9776 0.0 0.0 0.0      109.0748 -117.8932 0.0 0.0 0.0      089.9160 -135.6478 0.0 0.0 0.0    
t  -106.0819 -141.6436 0.0 0.0 0.0      -120.4291 -121.9633 0.0 0.0 0.0      -083.4622 -141.9326 0.0 0.0 0.0    
t  -083.4622 -141.9326 0.0 0.0 0.0      -120.4291 -121.9633 0.0 0.0 0.0      -021.3842 -169.2243 0.0 0.0 0.0    
t  037.5559 -169.9776 0.0 0.0 0.0      089.9160 -135.6478 0.0 0.0 0.0      088.6847 -229.6291 0.0 0.0 0.0    
t  -083.4979 -227.4286 0.0 0.0 0.0      -083.4622 -141.9326 0.0 0.0 0.0      -021.3842 -169.2243 0.0 0.0 0.0    
t  -083.4979 -227.4286 0.0 0.0 0.0      -021.3842 -169.2243 0.0 0.0 0.0      037.5559 -169.9776 0.0 0.0 0.0    
t  -083.4979 -227.4286 0.0 0.0 0.0      037.5559 -169.9776 0.0 0.0 0.0      088.6847 -229.6291 0.0 0.0 0.0    
