t -100.000000 -230.000000 0.000000 0.000000 0.000000 -81.000000 200.000000 59.000000 0.100000 1.000000 -100.000000 200.000000 0.000000 0.000000 1.000000
t -100.000000 -230.000000 0.000000 0.000000 0.000000 -81.000000 -230.000000 59.000000 0.100000 0.000000 -81.000000 200.000000 59.000000 0.100000 1.000000
t -81.000000 -230.000000 59.000000 0.100000 0.000000 -31.000000 200.000000 95.000000 0.200000 1.000000 -81.000000 200.000000 59.000000 0.100000 1.000000
t -81.000000 -230.000000 59.000000 0.100000 0.000000 -31.000000 -230.000000 95.000000 0.200000 0.000000 -31.000000 200.000000 95.000000 0.200000 1.000000
t -31.000000 -230.000000 95.000000 0.200000 0.000000 30.000000 200.000000 95.000000 0.300000 1.000000 -31.000000 200.000000 95.000000 0.200000 1.000000
t -31.000000 -230.000000 95.000000 0.200000 0.000000 30.000000 -230.000000 95.000000 0.300000 0.000000 30.000000 200.000000 95.000000 0.300000 1.000000
t 30.000000 -230.000000 95.000000 0.300000 0.000000 81.000000 200.000000 59.000000 0.400000 1.000000 30.000000 200.000000 95.000000 0.300000 1.000000
t 30.000000 -230.000000 95.000000 0.300000 0.000000 81.000000 -230.000000 59.000000 0.400000 0.000000 81.000000 200.000000 59.000000 0.400000 1.000000
t 81.000000 -230.000000 59.000000 0.400000 0.000000 100.000000 200.000000 0.000000 0.500000 1.000000 81.000000 200.000000 59.000000 0.400000 1.000000
t 81.000000 -230.000000 59.000000 0.400000 0.000000 100.000000 -230.000000 0.000000 0.500000 0.000000 100.000000 200.000000 0.000000 0.500000 1.000000
t 100.000000 -230.000000 0.000000 0.500000 0.000000 81.000000 200.000000 -59.000000 0.600000 1.000000 100.000000 200.000000 0.000000 0.500000 1.000000
t 100.000000 -230.000000 0.000000 0.500000 0.000000 81.000000 -230.000000 -59.000000 0.600000 0.000000 81.000000 200.000000 -59.000000 0.600000 1.000000
t 81.000000 -230.000000 -59.000000 0.600000 0.000000 30.000000 200.000000 -95.000000 0.700000 1.000000 81.000000 200.000000 -59.000000 0.600000 1.000000
t 81.000000 -230.000000 -59.000000 0.600000 0.000000 30.000000 -230.000000 -95.000000 0.700000 0.000000 30.000000 200.000000 -95.000000 0.700000 1.000000
t 30.000000 -230.000000 -95.000000 0.700000 0.000000 -31.000000 200.000000 -95.000000 0.800000 1.000000 30.000000 200.000000 -95.000000 0.700000 1.000000
t 30.000000 -230.000000 -95.000000 0.700000 0.000000 -31.000000 -230.000000 -95.000000 0.800000 0.000000 -31.000000 200.000000 -95.000000 0.800000 1.000000
t -31.000000 -230.000000 -95.000000 0.800000 0.000000 -81.000000 200.000000 -59.000000 0.900000 1.000000 -31.000000 200.000000 -95.000000 0.800000 1.000000
t -31.000000 -230.000000 -95.000000 0.800000 0.000000 -81.000000 -230.000000 -59.000000 0.900000 0.000000 -81.000000 200.000000 -59.000000 0.900000 1.000000
t -81.000000 -230.000000 -59.000000 0.900000 0.000000 -100.000000 200.000000 0.000000 1.000000 1.000000 -81.000000 200.000000 -59.000000 0.900000 1.000000
t -81.000000 -230.000000 -59.000000 0.900000 0.000000 -100.000000 -230.000000 0.000000 1.000000 0.000000 -100.000000 200.000000 0.000000 1.000000 1.000000
