# 1 11 12
t 100 0 0   86.60254 50 0      75 50 43.30127    
# 1 12 2
t 100 0 0      75 50 43.30127     86.60254 0 50   
# 2 12 13
t 86.60254 0 50      75 50 43.30127    43.30127 50 75   
# 2 13 3
t 86.60254 0 50      43.30127 50 75      50 0 86.60254   
# 3 13 14
t 50 0 86.60254      43.30127 50 75      0 50 86.60254   
# 3 14 4
t 50 0 86.60254   0 50 86.60254   0 0 100  
# 4 14 15
t 0 0 100   0 50 86.60254   -43.30127 50 75  
# 4 15 5
t 0 0 100   -43.30127 50 75  -50 0 86.60254  
# 5 15 16
t -50 0 86.60254   -43.30127 50 75   -75 50 43.30127  
# 5 16 6
t -50 0 86.60254    -75 50 43.30127   -86.60254 0 50  
# 6 16 17
t  -86.60254 0 50   -75 50 43.30127   -86.60254 50 0  
# 6 17 7 
t  -86.60254 0 50   -86.60254 50 0   -100 0 0  
# 11 21 22
t 86.60254 50 0    50 86.60254 0   43.30127 86.60254 25  
# 11 22 12
t 86.60254 50 0   43.30127 86.60254 25   75 50 43.30127  
# 12 22 23
t 75 50 43.30127   43.30127 86.60254 25   25 86.60254 43.30127 
# 12 23 13
t 75 50 43.30127    25 86.60254 43.30127    43.30127 50 75  
# 13 23 24
t 43.30127 50 75   25 86.60254 43.30127   0 86.60254 50  
# 13 24 14
t 43.30127 50 75   0 86.60254 50   0 50 86.60254  
# 14 24 25
t  0 50 86.60254   0 86.60254 50   -25 86.60254 43.30127  
# 14 25 15
t  0 50 86.60254   -25 86.60254 43.30127     -43.30127 50 75  
# 15 25 26
t -43.30127 50 75  -25 86.60254 43.30127    -43.30127 86.60254 25  
# 15 26 16
t -43.30127 50 75   -43.30127 86.60254 25   -75 50 43.30127  
# 16 26 27
t -75 50 43.30127   -43.30127 86.60254 25    -50 86.60254 0  
# 16 27 17
t -75 50 43.30127   -50 86.60254 0   -86.60254 50 0   
#31 22 21 
t  0 100 0   43.30127 86.60254 25   50 86.60254 0  
# 31 23 22
t 0 100 0    25 86.60254 43.30127 43.30127 86.60254 25  
# 31 24 23
t  0 100 0   0 86.60254 50    25 86.60254 43.30127   
# 31 25 24
t 0 100 0   -25 86.60254 43.30127   0 86.60254 50     
# 31 26 25
t  0 100 0   -43.30127 86.60254 25    -25 86.60254 43.30127    
# 31 27 26
t  0 100 0   -50 86.60254 0   -43.30127 86.60254 25    

# 11 1 -12
t 86.60254 50 0   100 0 0    75 50 -43.30127   
# -12 1 -2
t   75 50 -43.30127   100 0 0  86.60254 0 -50  
# -12 -2 -13
t  75 50 -43.30127     86.60254 0 -50   43.30127 50 -75  
# -13 -2 -3
t 43.30127 50 -75   86.60254 0 -50    50 0 -86.60254  
# -13 -3 -14
t 43.30127 50 -75   50 0 -86.60254   0 50 -86.60254  
# -14 -3 -4
t 0 50 -86.60254    50 0 -86.60254   0 0 -100  
# -14 -4 -15
t 0 50 -86.60254   0 0 -100   -43.30127 50 -75  
# -15 -4 -5
t -43.30127 50 -75   0 0 -100     -50 0 -86.60254  
# -15 -5 -16
t -43.30127 50 -75   -50 0 -86.60254   -75 50 -43.30127  
# -16 -5 -6
t -75 50 -43.30127   -50 0 -86.60254    -86.60254 0 -50  
# -16 -6 -17
t  -75 50 -43.30127   -86.60254 0 -50   -86.60254 50 0  
# -17 -6 -7
t  -86.60254 50 0   -86.60254 0 -50   -100 0 0  
# -21 -11 -22
t 50 86.60254 0   86.60254 50 0    43.30127 86.60254 -25  
# -22 -11 -12
t 43.30127 86.60254 -25   86.60254 50 0   75 50 -43.30127  
# -22 -12 -23
t 43.30127 86.60254 -25    75 50 -43.30127    25 86.60254 -43.30127  
# -23 -12 -13
t 25 86.60254 -43.30127    75 50 -43.30127    43.30127 50 -75  
# -23 -13 -24
t 25 86.60254 -43.30127   43.30127 50 -75   0 86.60254 -50  
# -24 -13 -14
t 0 86.60254 -50   43.30127 50 -75   0 50 -86.60254   
# -24 -14 -25
t  0 86.60254 -50   0 50 -86.60254   -25 86.60254 -43.30127  
# -25 -14 -15
t  -25 86.60254 -43.30127     0 50 -86.60254   -43.30127 50 -75   
# -25 -15 -26
t -25 86.60254 -43.30127      -43.30127 50 -75  -43.30127 86.60254 -25  
# -26 -15 -16
t -43.30127 86.60254 -25   -43.30127 50 -75   -75 50 -43.30127  
# -26 -16 -27
t -43.30127 86.60254 -25    -75 50 -43.30127   -50 86.60254 0  
# -27 -16 -17
t -50 86.60254 0   -75 50 -43.30127   -86.60254 50 0  
# -31 -21 -22
t  0 100 0   50 86.60254 0    43.30127 86.60254 -25   
# -31 -22 -23
t 0 100 0   43.30127 86.60254 -25      25 86.60254 -43.30127   
# -31 -23 -24
t 0 100 0    25 86.60254 -43.30127      0 86.60254 -50  
# -31 -24 -25
t 0 100 0    0 86.60254 -50    -25 86.60254 -43.30127  
# -31 -25 -26
t 0 100 0    -25 86.60254 -43.30127     -43.30127 86.60254 -25  
# -31 -26 -27
t 0 100 0    -43.30127 86.60254 -25    -50 86.60254 0  
